 000000000000000000111111111111111000000000000000000000000000
000000000000001111111111111111111111000000000000000000000000
000000000000011111111111111111111111111000000000000000000000
000000000000111111111111100000011111111100000000000000000000
000000000000111111111111000000001111111110000000000000000000
000000000000111111111110000000000111111110000000000000000000
000000000000111111111110000000000111111111000000000000000000
000000000001111111111110000000000111111111000000000000000000
000000000001111111111110000000000111111111000000000000000000
000000000001111111111110000000000111111111100000000000000000
000000000011111111111110000000000111111111100000000000000000
000000000011111111111110000000000111111111100000000000000000
000000000011111111111110000000000111111111100000000000000000
000000000011111111111110000000000111111111100000000000000000
000000000001111111111110000000000111111111100000000000000000
000000000000111111111111100000011111111100000000000000000000
000000000000011111111111111111111111111000000000000000000000
000000000000001111111111111111111111000000000000000000000000
000000000000000000111111111111111000000000000000000000000000
000000000000000000011111111111110000000000000000000000000000
000000000000000000001111111111100000000000000000000000000000
000000000000000000000111111111000000000000000000000000000000
000000000000000000000011111110000000000000000000000000000000
000000000000000000000011111110000000000000000000000000000000
000000000000000000000011111110000000000000000000000000000000
000000000000000000000011111110000000000000000000000000000000
000000000000000000000011111110000000000000000000000000000000
000000000000000000000011111110000000000000000000000000000000
000000000000000000000011111110000000000000000000000000000000
000000000000000000000000000000000000000000000000000000000000   
